peppers.pgm: 6.762425168341651
lena.pgm: 7.445061352834159
boat.pgm: 7.19137021806924
barbara.pgm: 7.632119010904522
chronometer.pgm: 6.113328352510163
mandril.pgm: 7.2925487746813635
normal_10.pgm: 5.368684962919432
geometr_09.pgm: 4.693658431827915
geometr_099.pgm: 7.654407130466126
laplace_30.pgm: 7.287118849352337
laplace_20.pgm: 6.756458638340566
uniform.pgm: 7.99931779066788
laplace_10.pgm: 5.767144375261503
normal_50.pgm: 7.649568444679083
geometr_05.pgm: 2.0009950011640467
normal_30.pgm: 6.954314060243361
